20229.745245982438
10024.094341209307
6294.8980983862875
4351.713392518509
3150.407594314627
2327.519453721072
1723.4236357733982
1257.0161421127718
882.7275953835905
573.038125261316
310.66007070142973
88.51587638626233
129.1729623830758
307.7099148610466
473.1096841504103
626.5834255182713
770.5143253195771
906.9808668462749
1037.7394302884718
1164.295513396661
1287.9723959782766
1409.968718644952
1531.4069814152608
1653.3762574761101
1776.9723062140492
1903.3381305629266
2033.7081568220078
2169.459739941604
2312.1767555724855
2463.7318803891935
2626.3972335365165
2802.998167236589
2997.133656986748
3213.501804950743
3458.396074394589
3740.4886836330243
4072.1175366650045
4471.501224118821
4966.770749092777
5603.831201413925
6463.089554993024
7699.375967576789
9653.615645642325
13248.834731762538
22090.04593840186
65403.28991576557
32270.793030964418
13638.106505612326
8060.535630542071
5398.862125499867
3830.5981099385385
2787.7342377056107
2036.9480360210493
1464.966529989514
1010.3372412844344
637.3481097078571
326.4333555335669
105.24146384866289
233.20524728827297
443.5031035874249
642.9431308537637
830.1767331762271
1007.4766844568186
1177.218278889547
1341.5386392057844
1502.3453525012023
1661.3789724489302
1820.2804594296124
1980.6559936659246
2144.1406501957763
2312.464928828261
2487.529411396015
2671.494342509574
2866.8933940542624
3076.7849989875454
3304.9615763534957
3556.2487973111993
3836.947712653743
4155.509901770212
4523.606035888126
4957.886848822524
5483.02502209911
6137.273682663686
6983.347936028971
8131.656122909239
9795.809623662077
12447.04437666885
17346.03294832315
28967.360614119432
56363.490161977286
30321.020916574867
15568.215268449185
9802.306503174528
6814.540094421584
4985.169654182286
3741.6118616781223
2833.58896989477
2135.0894693469095
1576.1865887355855
1115.690679827661
729.9127863062882
413.7677188855054
231.45450102958557
337.7262375807767
558.0592666945221
787.4136009733018
1012.1945853670098
1231.6729198023004
1447.4321859830798
1661.5906838392236
1876.4231841138226
2094.3074292690167
2317.771094263107
2549.5840529572106
2792.886004559924
3051.3566123962487
3329.4466492139527
3632.701931595363
3968.2324840564274
4345.415027313728
4776.981832745242
5280.772864768194
5882.6763596664905
6621.809061932738
7560.176433012331
8801.945439207071
10535.080710507083
13129.595666795962
17384.866281123504
25015.07346439336
35801.18719315616
31172.31195306201
19579.963131255387
13002.579290284502
9304.589202882964
6993.12747496303
5415.89487632037
4266.508902931465
3386.086613865822
2685.172457233912
2110.226135033132
1628.13075947961
1219.1165012784563
875.3032433917451
607.4519841489117
465.4698601186806
508.48738570156894
679.9560798566092
899.0933789140237
1134.2085443900255
1376.1677137457168
1623.1203945039756
1875.8520111991431
2136.3460590974205
2407.3366072458925
2692.2240023492295
2995.1641001953813
3321.2794902700152
3676.997472221772
4070.5555758440346
4512.754191019328
5018.092300110333
5606.513223736224
6306.134305811541
7157.550835016068
8220.504279181047
9583.234138751726
11370.215770465356
13718.974221577415
16593.037310451702
19117.784144921246
19200.219755953156
16431.17596378763
12989.086515203266
10150.369733149233
8026.586655104352
6442.168405417618
5232.59313003124
4283.686092871571
3520.9145357200264
2896.3645683190052
2380.1207271442295
1955.6119120109688
1617.8275765004548
1372.8731076253969
1234.8486840711823
1213.9210418526222
1301.3841279977598
1472.24077510629
1701.3910855360411
1972.4518762852797
2277.502975170045
2614.5583820641364
2985.704561047754
3396.191800538237
3854.2115858801017
4371.128057186651
4961.984396502677
5646.008950401143
6446.4024295695235
7387.392905582307
8483.299148401535
9708.027786421893
10930.206372667855
11838.969560956912
12021.688846704401
11322.549684725278
10038.416048895147
8598.126788586886
7260.0234451705555
6107.906927881381
5140.7655302209605
4331.181744860786
3649.3132220952875
3070.3920706241793
2576.3241357579623
2155.8007470079915
1804.5878122493689
1526.428934030906
1333.4856462166335
1242.2369263709263
1261.0793694290364
1379.7455424595528
1575.9066173640817
1829.1120052737392
2126.83636708004
2463.928039418831
2840.7231325403172
3261.830656627674
3735.811474541036
4275.657361144017
4900.092399510297
5635.929271975243
6521.978736491168
7615.315370363884
9000.7401108021
10802.195276717515
13181.52811309183
16247.292327947534
19606.682458954056
21491.18785512791
20056.156602486953
16649.101348203643
13344.08273790212
10752.007238821705
8797.80622470125
7306.199020563213
6137.639323535616
5196.321736619112
4418.033940582727
3759.3067356070924
3190.141445268873
2689.4537981718026
2242.3026581773825
1838.3342133841222
1471.2709225901513
1139.878671842183
852.3505850713452
639.328015760096
568.8536393060791
678.9036397060397
906.3755601776033
1190.400320776448
1506.9437092704136
1849.3814933241476
2218.07056710539
2616.884165745342
3052.2509808311934
3533.1988351746836
4072.00011347326
4685.42199976956
5396.837857788894
6239.777412916224
7264.091077823271
8547.191445250925
10215.868679658959
12491.962507530443
15797.008828936912
21016.31759094781
30186.635920579854
47009.522786048714
58125.941772913684
40383.534203283794
26658.847832249725
19250.420830854808
14861.049934276949
11987.17935376694
9957.427717936192
8439.852787344884
7254.12385213362
6294.4995660967315
5495.047933384503
4812.542548179374
4217.4289655829825
3688.761578357397
3211.222386236407
2773.294278484392
2366.1114465915666
1982.7400565709684
1617.7877874944506
1267.409526395439
930.2551942285947
612.3745307222739
357.6635210358377
358.42097445820036
627.0893404140202
976.2561109583593
1362.5585627633743
1782.1140933213198
2239.7288707717134
2744.2972584552867
3308.4865916077297
3949.782351541457
4692.62949295535
5572.165412286149
6640.794480279715
7980.342945652589
9726.120722476304
12118.967999603572
15631.692318850373
21328.46446514109
32136.07313781034
58646.63684391899
107474.5010124176
57624.17286742799
33358.19017526752
23196.237033817444
17751.996846779413
14362.7752474933
12040.25589431723
10339.35247741016
9031.207890587884
7986.356715255224
7126.0889237959655
6399.770378094103
5773.300802658451
5222.817126085613
4731.057940288611
4285.162476124247
3875.2827898914934
3493.6768316394528
3134.0962430341215
2791.360531961416
2461.0528482646064
2139.298933860412
1822.6102060877104
1507.7956752618963
1192.0064360078993
873.2212398959289
553.0458230609535
262.8289565373215
289.32116745520824
631.7700128460806
1043.9666749965513
1505.7560652814836
2024.6410657184933
2615.845102952806
3301.944273742905
4115.968315190412
5107.658216115927
6355.377690600076
7990.1090724428
10248.420130847759
13604.939189954499
19167.13437543901
30204.142576014037
61012.51452835015
124574.95309613412
52502.193027511945
30426.00843957911
21517.44403425209
16749.935212271772
13773.23891299664
11727.19020563684
10225.032942135404
9067.611533709687
8142.014805922754
7379.443609784728
6735.548890146858
6180.409104072693
5693.05189806636
5258.284969147297
4864.774534594746
4503.833149527659
4168.628186850992
3853.648051811937
3554.329853696299
3266.7896091998705
2987.6182074328112
2713.719910816558
2442.1783917174716
2170.1404865463055
1894.7124917473304
1612.8726013146968
1321.4310623556075
1017.1870492988694
698.1014383107512
372.86076066430104
213.51647258363005
543.5395882980812
1014.5815080940766
1573.6997266768788
2241.0291100261134
3056.8043139704077
4087.251924585713
5445.243485463809
7338.459074276267
10193.843447320973
15044.784815274632
25138.817373501453
56397.67497655197
89429.79813911952
37625.27128879584
23186.71866159958
17009.320579723997
13594.683512219655
11419.215514302541
9902.766819007613
8777.647689443866
7903.491664736136
7199.643699105813
6616.450458355908
6121.644817752578
5693.317548930719
5316.036854309924
4978.585015070362
4672.576270034112
4391.578995563094
4130.538551487414
3885.385636975345
3652.762367408583
3429.824682390634
3214.094909554778
3003.347310312649
2795.5148489696835
2588.608691119569
2380.6438702943824
2169.5656844908563
1953.1721806391697
1729.0294664247813
1494.381372232249
1246.0741176621186
980.6020488837461
694.8624073573299
392.5848956760267
191.10253398712803
479.70844301980196
950.2812158715238
1532.3605973309666
2258.6389501273607
3195.3324325855237
4461.443191209431
6287.269044029876
9179.510803393054
14496.950507577672
27287.587343623385
71012.60983025272
44242.25701596224
23590.677387392367
16308.619131920674
12685.080172561671
10514.58616672236
9061.142922805757
8012.595222787852
7214.496514139883
6581.791668904438
6063.790501478306
5628.385637379803
5254.224285105783
4926.522183180747
4634.685276107596
4370.888911999371
4129.1920877018465
3904.9642684565442
3694.50169609306
3494.762084270667
3303.174990746876
3117.501228330864
2935.7240287920968
2755.960207798776
2576.3828489003145
2395.148897697184
2210.3260634567205
2019.8140206589305
1821.2558754371462
1611.939508968022
1388.7030041636874
1147.9186390715645
885.9157231687244
602.0101077156567
325.5085369537668
333.7543080995235
741.1030581652935
1317.57668754002
2072.549377756594
3091.880372180182
4550.186295882486
6824.239234050003
10871.696613504877
19789.670404853357
42293.21412707083
34577.25716599711
20035.258850891427
14121.320145410968
11105.009333516806
9286.31113622595
8065.824486706803
7184.60007427177
6513.53537276083
5981.282189613533
5545.244991122658
5178.416936120672
4862.8236312503195
4586.008893538323
4339.03512609665
4115.287430117219
3909.7272718869312
3718.4088854359584
3538.1549708713305
3366.331974276174
3200.6892370880028
3039.2400853688637
2880.171319597912
2721.7732586099355
2562.387340765836
2400.3742096136084
2234.115341476851
2062.082315626431
1883.055977860491
1696.6944351695493
1504.9414420907895
1315.4852899447783
1149.8432442966086
1057.6418618463779
1117.8217268964459
1384.6439665986486
1845.7124059594628
2456.8611835991146
3158.196323858833
3865.2379666541456
4486.058714604496
4969.76951226683
5335.488676481622
5650.294579826675
5986.797307222064
6389.454776371377
6846.082600370122
7264.892598725108
7497.777658592305
7444.000314050745
7136.518575150836
6693.865647146569
6222.422433662964
5779.769314330518
5386.162782356595
5043.110969281052
4744.997677848265
4484.493825441362
4254.645791751748
4049.497871717082
3864.144633558798
3694.595371071064
3537.5997894994734
3390.485787863151
3251.021529407191
3117.3009266472477
2987.648591264541
2860.5399742596333
2734.5322824646983
