40956.79396272468
82510.24688696583
128897.23927940745
57657.70304999573
34363.306910633655
24341.660917418398
18821.49523624764
15318.40003269453
12884.890256051047
11084.49978416329
9688.840728156363
8566.930123054932
7638.253747748833
6850.5433564867335
6168.324076885117
5566.6004213133365
5027.1778204477705
4536.418030834068
4083.813773831761
3661.051049232753
3261.372071632467
2879.129421793118
2509.4661922982305
2148.084969917214
1791.0930306863704
1434.9537600310416
1076.7213638109513
715.556966637717
364.87671977310094
232.07906854032024
570.146182230922
1012.2102182851987
1506.2854997188654
2057.3095189779324
2679.5762643913276
3394.487845179697
4232.972288437418
5240.761674958913
6488.265085799586
8089.7891963733455
10244.060699774773
13329.53323108957
18164.9191995434
26895.661531562087
47259.69419577993
122875.45982065557
88626.28016582111
42472.71818683998
27792.24321724321
20792.36150575403
16694.75307391179
13991.737508688133
12063.27589555889
10608.53382093672
9464.074272111486
8533.46501442619
7756.095752929315
7091.906104783566
6513.299340685461
6000.584359383992
5539.270347900291
5118.3893163578505
4729.415524534192
4365.544904163604
4021.1983999080576
3691.6679035423986
3372.854326787016
3061.0653545366667
2752.851263909547
2444.8642774386212
2133.7328974397587
1815.9521217680035
1487.8179678919416
1145.5488034820328
786.3875963541911
417.90910955008184
223.8695890574687
595.5650462651228
1124.3002983758136
1750.6721003262192
2498.1211448967297
3412.3903227464
4568.72101151624
6095.741466682577
8231.340163758394
11468.35891603904
17014.547948738564
28753.20588377993
66721.10604907297
96696.70940145504
40502.73662546544
25208.82309305865
18584.346237046582
14895.006323684323
12533.113374301907
10881.097849192269
9652.254265456053
8695.572012104676
7923.983188159748
7283.740551737004
6739.837641074667
