19830.60982337635
9851.721221309612
6170.446853241117
4244.681958979919
3051.439710162152
2232.7957139488212
1631.0939648363853
1166.0826603175253
792.6314103379575
483.545112531047
222.35192416332285
44.123282123543675
217.71231667305935
398.2758726773678
564.3537024086028
718.4372304325032
863.0159468148366
1000.1870970168554
1131.7119958852668
1259.0989864977976
1383.6748425139294
1506.6432213103103
1629.1336201552845
1752.2445184450803
1877.084034743981
2004.8112353588676
2136.6813710791307
2274.098881752069
2418.683136669195
2572.3538367060846
2737.44627324485
2916.872096381099
3114.35051488361
3334.751036772657
3584.6181238739473
3873.0032988188304
4212.839472398256
4623.321505810742
5134.272933754406
5794.743119834185
6691.526727663223
7994.093068339901
10083.213487633933
14023.59245964397
24228.156262359735
73476.9267315014
27447.012294261593
12454.17739755865
7496.647487796604
5038.674261909352
3560.8113127822085
2565.468357284656
1842.5373653439494
1288.2629309464432
845.9098537226839
483.3241342687889
192.91621140355284
162.5323451459261
377.1291955442163
590.6810677748327
790.2699227049342
977.6362788752875
1155.3938483458223
1325.9601973508925
1491.4681925431903
1653.8194695295012
1814.757204739343
1975.9365412250863
2138.991056643782
2305.598434019134
2477.5500229541485
2656.8301150748844
2845.7124436351132
3046.884265078052
3263.613184988984
3499.9800100902903
3761.2148469315016
4054.198246529537
4388.234072149409
4776.2862549914125
5237.042811941043
5798.534355531949
6504.864454579198
7429.673592805922
8705.67085855964
10597.666012130723
13714.829455269237
19777.778986299436
34857.76690426359
48375.32472828647
23201.20109811906
13027.368614253988
8510.789904511577
6001.188395637624
4399.9955148084555
3281.711426808244
2449.503633600486
1800.6275840594292
1277.147483374106
846.2964484276745
497.53404840069356
281.64927693004347
351.55865049276866
571.0452742748448
808.246859527635
1041.5719208203939
1268.7642124538784
1491.102319669394
1710.6810235170478
1929.8099264307793
2150.89420944852
2376.4578346375556
2609.223317635228
2852.2277661196563
3108.977336776281
3383.654395414859
3681.4035389969195
4008.739693013707
4374.14995095555
4789.011445283319
5269.041790096362
5836.682240033167
6525.189641114652
7386.026972377392
8503.013402927674
10021.261435385806
12210.46116348459
15607.83572332639
21266.4001934879
29755.636745229585
31242.612207702216
21576.969453141086
14311.474845574845
10093.728556491538
7481.4010734429885
5724.123754846171
4460.488395120092
3503.8489323428203
2750.360202166075
2138.8961058055274
1632.7404017080053
1211.785886211423
872.3767554324663
637.2421083564773
562.2908570094488
659.8730250220301
853.5938229909138
1083.870043650533
1327.9426312159278
1578.7715404052178
1835.0264575664519
2097.689918246581
2368.898329703199
2651.5643062239583
2949.3166805343258
3266.606690296673
3608.9391812989275
3983.2373395402897
4398.383402800349
4866.013862008179
5401.695774532245
6026.67566601652
6770.459585123404
7674.452837116863
8796.313542987724
10211.747908675292
11998.481013116836
14146.542667426136
16266.134411946892
17217.599064063626
15990.198572289228
13365.20923021565
10693.928137426401
8508.64394454188
6819.872358512265
5516.011438018843
4493.150267532727
3676.1945166086216
3015.114546603494
2478.866317379388
2051.3567006345816
1729.282400542592
1519.4038701359418
1430.5995775109407
1460.4389741107352
1589.5962071280724
1792.0371147140195
2046.8129446687844
2341.5112530308766
2670.805362719589
3034.3997239847527
3435.7107562130955
3881.30937128886
4380.924574967415
4947.840230617852
5599.510421291804
6358.0165470738
7249.289810767278
8298.072200404558
9510.897064294808
10831.495827625811
12056.773631189395
12781.282994703983
12597.918952964275
11525.88086961544
10006.808672678075
8461.944729589395
7088.508414539828
5928.217886235401
4961.035384234794
4152.630449884866
3471.2977677581716
2892.4088745300023
2398.9984929190746
1981.835231333304
1640.2388259228471
1383.6062158024147
1230.5688124264593
1198.217402296946
1283.4333704622613
1461.4269287463487
1704.346536024473
1993.434746207836
2319.488520208787
2680.0214050360596
3077.130172329773
3516.516863203378
4007.397361842739
4563.132074785068
5202.6282363501605
5952.802719272124
6852.724291482659
7960.5841545665
9365.45880125451
11206.49788447166
13698.55487209078
17129.129679032303
21596.320183836888
25723.529991637246
25704.367400182764
21394.199014001155
16681.705305702082
13073.325249830154
10468.35037785307
8554.872665526485
7101.181526540696
5958.406791179747
5031.921713081087
4260.256335898224
3602.3081689959
3029.830295005311
2523.0138012543093
2067.933590278375
1655.2941666193447
1280.5457028012545
946.7320228215906
675.4601841319467
534.4546790038974
604.6208799750011
830.5427358963092
1124.2056054169668
1450.8840085796419
1801.1452337661385
2174.319361764865
2573.503482486306
3004.1578011834595
3473.913372565087
3992.96076717527
4574.910986130946
5238.250861856946
6008.727289284114
6923.334673391821
8037.259165152962
9436.634913322
11263.58011255519
13769.513860433884
17440.71389040087
23331.27841662331
34034.35081694196
55298.34760666218
69677.22975790604
45024.26902723075
28903.431503944383
20668.400224785
15877.73876213912
12764.460252210121
10573.342412230668
8938.073554252567
7661.608303096842
6629.054637674343
5769.021081899374
5034.803867150647
4394.515653781603
3825.5772827156798
3311.484693655446
2839.8332376437124
2401.07925197403
1987.7748767930975
1594.1831402629095
1216.419134643969
854.1054677850605
519.9036964331976
309.19416660152234
461.064942948992
801.8770087775198
1194.013103179815
1618.8778887029114
2077.7658096188547
2577.518180918107
3128.5186705950837
3745.0224341107983
4446.524404697383
5260.232840629604
6225.300904731655
7400.271764397418
8876.896505767401
10807.66373603597
13465.88774104684
17393.5932779432
23830.4552193119
36286.119769469005
68285.82488183802
124339.48474509892
61059.53365236904
35395.17662917193
24691.73347021965
18929.47446681491
15327.074520776358
12850.443921551436
11032.100316749093
9630.808857697208
8509.684133474773
7585.289213569508
6803.829321514323
6129.003980086709
5535.364203189843
5004.469036581841
4522.554209197426
4079.059499892654
3665.6646707442274
3275.637528201493
2903.379693816941
2544.101874053166
2193.58896096181
1848.0380692601045
1503.986048736584
1158.4425123708247
809.8256735945473
464.1401213456031
215.17726593184747
437.21779696155824
846.2008202957412
1311.5900279651157
1830.9577476820841
2416.0394113172124
3085.7559913314763
3867.6136712653292
4802.043364404371
5950.648427976172
7412.063766335075
9354.69067125154
12091.450186396902
16275.737757675894
23526.77952242231
39127.044159900805
89656.69936405873
105626.912534151
46702.671688147944
29252.485956177712
21427.202561649436
17000.392132623336
14142.225516913706
12132.914820980544
10633.488429751911
9463.688373897367
8518.860477929287
7734.052562180137
7066.76964448383
6487.98443204039
5977.135060232323
5519.188237768141
5102.835228173679
4719.339359113423
4361.773375713914
4024.497802174131
3702.792180286179
3392.5850063236335
3090.2478292265105
2792.4307128303444
2495.9236902362113
2197.534458635307
1893.9796098732018
1581.8038280206051
1257.404168727147
917.5426708815763
562.9818443669018
244.06073325477988
393.3389910690737
858.806170894004
1423.4720347934347
2093.613460261117
2904.216019691983
3914.146571402611
5221.8291141789905
7002.604685717661
9600.608392412216
13792.940976655615
21758.38156531608
42329.83073741686
112191.72230395822
52933.79620806372
29029.19747469918
20258.88859681429
15772.027788260299
13039.718595379958
11190.694561886925
9847.326901761051
8819.90101540926
8002.757048622816
7332.381181997374
6768.271800596126
6283.349789312652
5858.787530700465
5481.050826486576
5140.12178521518
4828.385860525717
4539.909092207138
4269.953147720434
4014.6397349016192
3770.711096780275
3535.353307345933
3306.0608105720958
3080.5276514778907
2856.555062677735
2631.96757299773
2404.5312526741354
2171.8686389346376
1931.3661482230423
1680.0738134928342
1414.6130853248405
1131.1773718890165
826.0744662276313
500.14746085561717
221.18698986000757
432.9785091799638
921.2694377384561
1533.4889536717615
2297.676350316529
3281.692893134371
4608.461379831163
6515.11173006587
9519.832259553896
14996.163482641668
27935.198592622906
71601.61442369988
48277.09611863787
25510.728574954963
17551.97452595562
13622.280671506014
11279.347319071747
9715.130800001361
8588.9752189866
7733.048230712592
7055.2123709758225
6500.687796085018
6034.841521077059
5634.675135113439
5284.283509788338
4972.279536455795
4690.258069500786
4431.8395266388125
4192.051589075461
3966.915558818897
3753.1603811801347
3548.0181209713755
3349.0720751196613
3154.138804849063
2961.171327265005
2768.1742051617407
2573.1232569007857
2373.883661952319
2168.120902939876
1953.200287357436
1726.075835924368
1483.189506802171
1220.4858459830482
934.0549986207196
624.5997007411609
338.45028291837554
414.6962913186298
889.4341878825115
1551.293243843344
2429.032255254971
3637.1230824766353
5412.90788076542
8294.38802989525
13749.1205773502
26767.241070319596
46856.43284151083
28505.192232370475
18121.542158848166
13466.307570756127
10901.652402849766
9279.923185072481
8156.61243672055
7326.9944121258895
6684.3406095161345
6167.708283351849
5739.795850271724
5376.484824215151
5061.469091267775
4783.305856028121
4533.705785378558
4306.496558117976
4096.97185619463
3901.471753441802
3717.1089055096554
3541.5917447540796
3373.1163100163462
3210.3091688584104
3052.2072683239044
2898.2555993019673
2748.2878711062053
2602.429599257603
2460.8417649746307
2323.2485239306025
2188.3201413322436
2053.197505720627
1913.5640689385582
1764.4814212228353
1601.8740193382216
1424.7227663356255
1239.447507803314
1071.5089669413812
991.7885794406211
1127.1551237556084
1573.6173464616895
2375.858009416958
3655.3230775735074
5736.922244662352
9358.925264265345
15508.110970748805
19733.782241275672
16122.914846598229
12285.658479589658
9899.867144033551
8387.950156931187
7360.364484342939
6617.2282647938555
6052.394496331718
5605.670294322316
5240.748763196575
4934.5387794771905
4671.679173170166
4441.549288329272
4236.553631476324
4051.0920685756423
3880.916374206342
3722.713368323007
3573.825473923522
3432.056878637555
3295.5340034273327
3162.600605298802
3031.734558139229
2901.4772415200796
2770.3686255604425
2636.882164478457
2499.353831654915
2355.8992887660725
